agent,trial,episode,cumulativeReward,averageReward,cumulativeSteps,numSteps
Q = 30000,0,0,-108358.0,-0.7831655331420435,138359.0,138359.0
Q = 30000,0,1,-171882.0,-0.6792194600374232,231884.0,93525.0
Q = 30000,0,2,-214366.0,-0.5861074705111402,304369.0,72485.0
Q = 30000,0,3,-235081.0,-0.4084509819386387,355085.0,50716.0
Q = 30000,0,4,-261321.0,-0.4665635390551377,411326.0,56241.0
Q = 30000,0,5,-301679.0,-0.57360110291505,481685.0,70359.0
Q = 30000,0,6,-315358.0,-0.3131639194139194,525365.0,43680.0
Q = 30000,0,7,-311141.0,0.16355103940428173,551149.0,25784.0
Q = 30000,0,8,-301635.0,0.4638204440107343,571644.0,20495.0
Q = 30000,0,9,-295803.0,0.2413008399189044,595813.0,24169.0
Q = 30000,0,10,-300583.0,-0.13743135620022426,630594.0,34781.0
Q = 30000,0,11,-289265.0,0.6057913611304394,649277.0,18683.0
Q = 30000,0,12,-282380.0,0.2978456480359924,672393.0,23116.0
Q = 30000,0,13,-266443.0,1.1331769055745164,686457.0,14064.0
Q = 30000,0,14,-248460.0,1.4963388250956897,698475.0,12018.0
Q = 30000,0,15,-228598.0,1.9589703126541078,708614.0,10139.0
Q = 30000,0,16,-212628.0,1.1381939990022094,722645.0,14031.0
Q = 30000,0,17,-190915.0,2.619811776061776,730933.0,8288.0
Q = 30000,0,18,-174113.0,1.2729752253958633,744132.0,13199.0
Q = 30000,0,19,-158214.0,1.127428733512977,758234.0,14102.0
Q = 30000,1,0,-79539.0,-0.7261183129450429,109540.0,109540.0
Q = 30000,1,1,-185771.0,-0.7797816975329032,245773.0,136233.0
Q = 30000,1,2,-224502.0,-0.5635075365186522,314505.0,68732.0
Q = 30000,1,3,-277914.0,-0.640331842758323,397918.0,83413.0
Q = 30000,1,4,-275305.0,0.09524678738317757,425310.0,27392.0
Q = 30000,1,5,-275071.0,0.007861054187523095,455077.0,29767.0
Q = 30000,1,6,-275285.0,-0.0070825748800264765,485292.0,30215.0
Q = 30000,1,7,-261401.0,0.8614506421790655,501409.0,16117.0
Q = 30000,1,8,-247487.0,0.8649219866973332,517496.0,16087.0
Q = 30000,1,9,-233976.0,0.8193450576106731,533986.0,16490.0
Q = 30000,1,10,-224390.0,0.4695566985060005,554401.0,20415.0
Q = 30000,1,11,-223366.0,0.03533837181212686,583378.0,28977.0
Q = 30000,1,12,-218029.0,0.2163882581900746,608042.0,24664.0
Q = 30000,1,13,-232537.0,-0.3259565481138646,652551.0,44509.0
Q = 30000,1,14,-222762.0,0.4832888361514882,672777.0,20226.0
Q = 30000,1,15,-225655.0,-0.08794917006140937,705671.0,32894.0
Q = 30000,1,16,-208450.0,1.3445608002500782,718467.0,12796.0
Q = 30000,1,17,-203251.0,0.20962019192000644,743269.0,24802.0
Q = 30000,1,18,-195943.0,0.32203763275018726,765962.0,22693.0
Q = 30000,1,19,-177645.0,1.5635307186191574,777665.0,11703.0
Q = 0,0,0,-106783.0,-0.7806687916715406,136784.0,136784.0
Q = 0,0,1,-119983.0,-0.3055484826740122,179985.0,43201.0
Q = 0,0,2,-169403.0,-0.6222535601415243,259406.0,79421.0
Q = 0,0,3,-231876.0,-0.675573674762636,351880.0,92474.0
Q = 0,0,4,-247465.0,-0.34193902171528845,397470.0,45590.0
Q = 0,0,5,-251760.0,-0.12523326335432702,431766.0,34296.0
Q = 0,0,6,-235829.0,1.13226723525231,445836.0,14070.0
Q = 0,0,7,-222700.0,0.7781531531531531,462708.0,16872.0
Q = 0,0,8,-201576.0,2.379632758814915,471585.0,8877.0
Q = 0,0,9,-181491.0,2.0255143202904398,481501.0,9916.0
Q = 0,0,10,-159554.0,2.7203621031746033,489565.0,8064.0
Q = 0,0,11,-140450.0,1.7531430668991466,500462.0,10897.0
Q = 0,0,12,-118674.0,2.6475379939209724,508687.0,8225.0
Q = 0,0,13,-94855.0,3.8529602070527336,514869.0,6182.0
Q = 0,0,14,-75513.0,1.8146167557932265,525528.0,10659.0
Q = 0,0,15,-57443.0,1.5145419495432069,537459.0,11931.0
Q = 0,0,16,-35448.0,2.7473145141144144,545465.0,8006.0
Q = 0,0,17,-42650.0,-0.1935865387199957,582668.0,37203.0
Q = 0,0,18,-36792.0,0.24263761752889035,606811.0,24143.0
Q = 0,0,19,-21906.0,0.984849487264307,621926.0,15115.0
Q = 0,1,0,-160155.0,-0.8422295378531311,190156.0,190156.0
Q = 0,1,1,-231220.0,-0.7031543743692241,291222.0,101066.0
Q = 0,1,2,-233488.0,-0.07028417366512753,323491.0,32269.0
Q = 0,1,3,-245115.0,-0.27930719707888924,365119.0,41628.0
Q = 0,1,4,-248327.0,-0.09670911992292175,398332.0,33213.0
Q = 0,1,5,-268653.0,-0.4038786337353707,448659.0,50327.0
Q = 0,1,6,-256502.0,0.6807282913165266,466509.0,17850.0
Q = 0,1,7,-257968.0,-0.04658848952871262,497976.0,31467.0
Q = 0,1,8,-244528.0,0.8115451965461022,514537.0,16561.0
Q = 0,1,9,-239014.0,0.22518070813084493,539024.0,24487.0
Q = 0,1,10,-231282.0,0.3472091247923122,561293.0,22269.0
Q = 0,1,11,-209797.0,2.522898074213246,569809.0,8516.0
Q = 0,1,12,-200498.0,0.4491836537532606,590511.0,20702.0
Q = 0,1,13,-191642.0,0.41882241664696146,611656.0,21145.0
Q = 0,1,14,-171385.0,2.0789203612479477,621400.0,9744.0
Q = 0,1,15,-165173.0,0.261129093278406,645189.0,23789.0
Q = 0,1,16,-145263.0,1.9730452878802893,655280.0,10091.0
Q = 0,1,17,-120075.0,5.233326407645959,660093.0,4813.0
Q = 0,1,18,-95873.0,4.17347818589412,665892.0,5799.0
Q = 0,1,19,-70058.0,6.166985188724319,670078.0,4186.0
